V31
AML4035
M6
0.1798992
0.1724294
0.1860545
0.1841569
0.1710652
0.2020292
0.2062952
0.1885973
0.2538956
0.1965706
0.1924463
0.1983332
0.1684278
0.1876043
0.1921828
0.1700991
0.2087607
0.2004890
0.2133156
0.1904005
0.1851711
0.1939713
0.1991403
0.2001327
0.2036110
0.1984201
0.2084882
0.1745762
0.2102850
0.1992667
0.2087544
0.1926318
0.1924115
0.2092829
0.2011081
0.1831827
0.2155426
0.2032814
0.1845629
0.2038451
0.2118058
0.2106864
0.2328642
0.2152476
0.2103900
0.1874699
0.2092148
0.2150409
0.1917308
0.2082982
0.2138360
0.2054653
0.1909597
0.1766160
0.1960876
0.2089030
0.1909865
0.1956518
0.1958459
0.2017218
0.1974038
0.1954700
0.3383864
0.1969990
0.1998891
0.1775239
0.2151843
0.1922468
0.2064108
0.2126898
0.2022495
0.2050134
0.2050290
0.2034540
0.1909780
0.2080639
0.1930630
0.1701525
0.1749522
0.1793123
0.1710233
0.1810794
0.2049485
0.2144258
0.1991767
0.2019469
0.1815091
0.1960095
0.1855570
0.2560595
0.2177981
0.2034205
0.2300726
0.1933780
0.1905689
0.2019244
0.1694427
0.2006227
0.2166844
0.2046190
0.2126383
0.1772101
0.1922303
0.2217512
0.2185737
0.1713309
0.1947516
0.2391135
0.1909997
0.1851931
0.2356315
0.1746411
0.1809945
0.1944096
0.1787741
0.1743226
0.2092761
0.1954754
0.2145377
0.1918445
0.1827123
0.1787933
0.2062221
0.1796325
0.1991111
0.1772095
0.1968093
0.1971575
0.1823208
0.2006227
0.1918850
0.2078547
0.2132071
0.2004052
0.2138606
0.2046660
0.2051160
0.2064134
0.1922050
0.2034194
0.2163857
0.1858529
0.1947814
0.1942293
0.2021606
0.2035640
0.1991377
0.2028593
0.1995079
0.1870863
0.2021364
0.2030832
0.1816131
0.1992346
0.1757825
0.1942433
0.2128468
0.1943009
0.1969109
0.2097858
0.1945127
0.2027212
0.2040754
0.1896925
0.2114085
0.2088165
0.1971888
0.1997163
0.1771140
0.1848008
0.2123021
0.2194261
0.2165568
0.1841924
0.1967171
0.1852757
0.1985566
0.2117463
0.1962409
0.2014332
0.1740987
0.1934784
0.2000256
0.1967225
0.1741514
0.2091042
0.1968358
0.2000034
0.1865660
0.2139343
0.1952767
0.2012303
0.1962944
0.2194351
0.1971454
0.1925036
0.1910169
0.1680649
0.2161846
0.2043647
0.2031061
0.2048635
0.1805069
0.1913854
0.1710622
0.1881325
0.1762285
0.1973297
0.1918300
0.2110157
0.1825505
0.1738926
0.1765800
0.1947462
0.1994471
0.1974023
0.2059365
0.1893476
0.1936457
0.1847501
0.1888597
0.2052682
0.1929918
0.2188600
0.2008166
0.2022440
0.1826405
0.1918568
0.1949212
0.1771718
0.1726000
0.2112139
0.1986817
0.2007195
0.1938314
0.1887154
0.1677524
0.2057214
0.2135231
0.2013421
0.2116956
0.1799276
0.1751429
0.1995866
0.2030075
0.1965702
0.2089114
0.2053254
0.2022876
0.1998050
0.1866599
0.2089992
0.2046725
0.2402813
0.2133780
0.1964050
0.2002952
0.1867904
0.2209107
0.2595982
0.1888469
0.2031679
0.2060468
0.1986226
0.2315843
0.1845689
0.1999248
0.1679429
0.1847628
0.1933788
0.1837495
0.1989686
0.2117564
0.1853969
0.1822134
0.1942866
0.1907790
0.1731706
0.1778125
0.1816529
0.2154659
0.1846853
0.1896830
0.2073448
0.2028915
0.2262182
0.2070859
0.1868522
0.1781265
0.1991838
0.2068297
0.2120103
0.2072373
0.1840938
0.1968322
0.1827056
0.2028506
0.1963780
0.1986704
0.1749417
0.1987102
0.1937063
0.1815381
0.2010988
0.1816130
0.1752364
0.1687193
0.1798487
0.2111300
0.2026837
0.1842019
0.1861075
0.1978862
0.2093280
0.1804371
